# ㈜애큐온캐피탈 — 사업보고서 (2025.12) · 별도 감사보고서 · 주석 제조 표 2 · 문서 전체 제조 표 8 · 주석 '산업별·업종별' 1

## 후보 1 (점수 1, 단위 천원) ◀ 선택
[앞 문맥] …재 매매기준환율을 적용하여 환산하였습니다. 4) 상각후원가측정 금융자산의 신용위험① 신용위험의 집중도당사는 차주의 산업분포에 따른 신용위험의 관리를 위한 목적으로 상각후원가측정 금융자산의 원금을 기준으로 리스크관리를 하고 있습니다.당기말 및 전기말 현재 산업분포에 따른 상각후원가측정 금융자산의 신용위험 집중도는 다음과 같습니다. (당기말) (단위 : 천원)
구 분 | 가계 | 기업 | 기업 | 기업 | 기업 | 기업 | 기업 | 기업 | 합 계
구 분 | 가계 | 건설업 | 금융업및 보험업 | 기타 | 도매업및 소매업 | 부동산업및 임대업 | 운수업 | 제조업 | 합 계
상각후원가측정대출채권 | 19,655,613 | 600,875,007 | 806,627,612 | 395,770,373 | 41,381,179 | 276,310,833 | 216,515,763 | 84,597,779 | 2,441,734,159
할부금융자산 | 1,170,202 | 5,233,481 | - | 592,389 | 2,082,586 | 3,850,030 | 235,739 | 2,276,258 | 15,440,685
리스자산 | 97,263 | 4,267,085 | - | 19,137,708 | 8,143,108 | 4,088,651 | 2,942,189 | 163,977,411 | 202,653,415
총장부금액 | 20,923,078 | 610,375,573 | 806,627,612 | 415,500,469 | 51,606,873 | 284,249,514 | 219,693,691 | 250,851,448 | 2,659,828,259
대손충당금 | (623,807) | (7,021,925) | (3,523,082) | (3,935,959) | (618,746) | (2,993,627) | (1,498,512) | (3,526,991) | (23,742,649)
이연대출부대손익 | 5,128 | 1,554,302 | (2,434,610) | 2,125,591 | 218,697 | 976,236 | 830,882 | 106,409 | 3,382,635
합 계 | 20,304,399 | 604,907,950 | 800,669,920 | 413,690,102 | 51,206,824 | 282,232,123 | 219,026,061 | 247,430,866 | 2,639,468,245

## 후보 2 (점수 -3, 단위 천원)
[앞 문맥] …D> 218,697 976,236 830,882 106,409 3,382,635 합 계 20,304,399 604,907,950 800,669,920 413,690,102 51,206,824 282,232,123 219,026,061 247,430,866 2,639,468,245 (전기말) (단위 : 천원)
구 분 | 가계 | 기업 | 기업 | 기업 | 기업 | 기업 | 기업 | 기업 | 합 계
구 분 | 가계 | 건설업 | 금융 및 보험업 | 기타 | 도매 및 소매업 | 부동산업및 임대업 | 운수업 | 제조업 | 합 계
상각후원가측정대출채권 | 44,582,362 | 444,185,376 | 549,552,647 | 309,841,197 | 40,823,371 | 234,524,454 | 178,507,398 | 29,349,484 | 1,831,366,289
할부금융자산 | - | 11,745,153 | - | 6,755,008 | 2,432,895 | 8,825,796 | 1,351,255 | 4,088,214 | 35,198,321
리스자산 | - | 2,333,339 | - | 7,300,685 | 5,881,209 | 3,581,390 | 2,217,817 | 170,996,944 | 192,311,384
총장부금액 | 44,582,362 | 458,263,868 | 549,552,647 | 323,896,890 | 49,137,475 | 246,931,640 | 182,076,470 | 204,434,642 | 2,058,875,994
대손충당금 | (4,202,188) | (3,363,409) | (3,650,751) | (3,555,613) | (687,505) | (3,680,267) | (1,557,599) | (3,677,736) | (24,375,068)
이연대출부대손익 | 45,307 | 697,952 | (556,008) | 984,372 | 148,252 | 434,771 | 144,712 | 102,145 | 2,001,503
합 계 | 40,425,481 | 455,598,411 | 545,345,888 | 321,325,649 | 48,598,222 | 243,686,144 | 180,663,583 | 200,859,051 | 2,036,502,429