# (주)신한금융지주회사 — 사업보고서 (2025.12) · 연결감사보고서 · 주석 제조 표 2 · 문서 전체 제조 표 10 · 주석 '산업별·업종별' 4

## 후보 1 (점수 2, 단위 백만원) ◀ 선택
[앞 문맥] …8,980,794 합 계 227,351,546 2,453,257 541,847 396,442 96,875 2,387,271 2,670,689 5,592,062 241,489,989 (*) 지역별 구성내역은 대손충당금을 차감한 순장부금액입니다. 9) 산업별 구성내역당기말과 전기말 현재 보유 금융상품의 산업별 구성내역은 다음과 같습니다. ① 제 25(당) 기말
(단위: 백만원) | (단위: 백만원) | (단위: 백만원) | (단위: 백만원) | (단위: 백만원) | (단위: 백만원) | (단위: 백만원) | (단위: 백만원) | (단위: 백만원) | (단위: 백만원)
구 분(*) | 금융 및보험업 | 제조업 | 도매 및소매업 | 부동산임대 및사업서비스업 | 건설업 | 숙박 및음식점업 | 기타 | 개인고객 | 합 계
상각후원가측정 예치금 및 대출채권 |  |  |  |  |  |  |  |  | 
은행 | 12,359,288 | - | - | - | - | - | 299,421 | - | 12,658,709
개인 | - | - | - | - | - | - | - | 208,308,298 | 208,308,298
정부/공공기관/중앙은행 | 26,140,603 | - | - | - | - | - | 276,729 | - | 26,417,332
기업 | 22,523,203 | 63,353,165 | 23,759,226 | 47,411,346 | 5,764,311 | 7,205,522 | 56,537,352 | - | 226,554,125
카드채권 | 78,300 | 330,944 | 274,289 | 75,757 | 48,900 | 28,196 | 1,329,882 | 25,528,775 | 27,695,043
소 계 | 61,101,394 | 63,684,109 | 24,033,515 | 47,487,103 | 5,813,211 | 7,233,718 | 58,443,384 | 233,837,073 | 501,633,507
당기손익-공정가치측정예치금 및 대출채권 |  |  |  |  |  |  |  |  | 
은행 | 40,862 | - | - | - | 99,327 | - | 29,783 | - | 169,972
기업 | 575,478 | 399,668 | 3,004 | 156,286 | - | - | 151,708 | - | 1,286,144
소 계 | 616,340 | 399,668 | 3,004 | 156,286 | 99,327 | - | 181,491 | - | 1,456,116
당기손익-공정가치측정유가증권 | 35,054,770 | 3,090,284 | 1,399,374 | 3,087,667 | 242,695 | 29,279 | 28,823,791 | - | 71,727,860
파생상품자산 | 6,068,491 | 829,304 | 13,573 | 19,948 | 2,272 | 329 | 219,516 | 517 | 7,153,950
기타포괄손익-공정가치측정 유가증권 | 45,699,181 | 2,242,382 | 465,133 | 1,733,913 | 749,831 | 22,340 | 50,370,126 | - | 101,282,906
상각후원가측정 유가증권 | 7,108,253 | 9,985 | - | 843,938 | 280,851 | - | 23,701,341 | - | 31,944,368
합 계 | 155,648,429 | 70,255,732 | 25,914,599 | 53,328,855 | 7,188,187 | 7,285,666 | 161,739,649 | 233,837,590 | 715,198,707
난외항목 |  |  |  |  |  |  |  |  | 
지급보증 | 5,659,966 | 12,554,311 | 3,633,251 | 290,565 | 214,178 | 60,372 | 3,808,447 | 878 | 26,221,968
대출약정 및 기타신용관련 부채 | 18,227,705 | 31,211,151 | 10,863,979 | 6,914,971 | 2,269,120 | 444,003 | 20,103,475 | 130,282,649 | 220,317,053
합 계 | 23,887,671 | 43,765,462 | 14,497,230 | 7,205,536 | 2,483,298 | 504,375 | 23,911,922 | 130,283,527 | 246,539,021

## 후보 2 (점수 0, 단위 백만원)
[앞 문맥] …05 31,211,151 10,863,979 6,914,971 2,269,120 444,003 20,103,475 130,282,649 220,317,053 합 계 23,887,671 43,765,462 14,497,230 7,205,536 2,483,298 504,375 23,911,922 130,283,527 246,539,021 ② 제 24(전) 기말
(단위: 백만원) | (단위: 백만원) | (단위: 백만원) | (단위: 백만원) | (단위: 백만원) | (단위: 백만원) | (단위: 백만원) | (단위: 백만원) | (단위: 백만원) | (단위: 백만원)
구 분(*) | 금융 및보험업 | 제조업 | 도매 및소매업 | 부동산임대 및사업서비스업 | 건설업 | 숙박 및음식점업 | 기타 | 개인고객 | 합 계
상각후원가측정 예치금 및 대출채권 |  |  |  |  |  |  |  |  | 
은행 | 13,495,577 | - | - | - | - | - | 562,474 | - | 14,058,051
개인 | - | - | - | - | - | - | - | 199,809,576 | 199,809,576
정부/공공기관/중앙은행 | 27,042,097 | - | - | - | - | - | 186,211 | - | 27,228,308
기업 | 22,485,184 | 62,200,259 | 23,447,863 | 47,109,684 | 5,409,739 | 6,735,852 | 51,324,876 | - | 218,713,457
카드채권 | 81,613 | 323,992 | 288,452 | 65,256 | 51,107 | 20,277 | 1,189,255 | 25,694,644 | 27,714,596
소 계 | 63,104,471 | 62,524,251 | 23,736,315 | 47,174,940 | 5,460,846 | 6,756,129 | 53,262,816 | 225,504,220 | 487,523,988
당기손익-공정가치측정예치금 및 대출채권 |  |  |  |  |  |  |  |  | 
은행 | 35,450 | - | - | - | 99,159 | - | - | - | 134,609
기업 | 859,295 | 391,667 | 301,658 | 149,652 | 10,000 | - | 68,515 | - | 1,780,787
소 계 | 894,745 | 391,667 | 301,658 | 149,652 | 109,159 | - | 68,515 | - | 1,915,396
당기손익-공정가치측정유가증권 | 34,194,979 | 3,634,273 | 1,286,997 | 2,149,229 | 304,020 | 136,364 | 25,428,259 | - | 67,134,121
파생상품자산 | 8,305,868 | 1,263,951 | 26,101 | 39,698 | 6,003 | 1,616 | 634,051 | 1,969 | 10,279,257
기타포괄손익-공정가치측정 유가증권 | 35,854,914 | 2,636,678 | 712,936 | 1,790,042 | 1,056,603 | 12,160 | 49,952,877 | - | 92,016,210
상각후원가측정 유가증권 | 9,761,249 | 19,984 | - | 539,416 | 260,379 | - | 22,734,971 | - | 33,315,999
합 계 | 152,116,226 | 70,470,804 | 26,064,007 | 51,842,977 | 7,197,010 | 6,906,269 | 152,081,489 | 225,506,189 | 692,184,971
난외항목 |  |  |  |  |  |  |  |  | 
지급보증 | 3,733,957 | 11,712,348 | 3,548,909 | 92,172 | 179,255 | 115,827 | 3,113,748 | 12,979 | 22,509,195
대출약정 및 기타신용관련 부채 | 18,218,204 | 34,199,306 | 10,324,128 | 4,325,044 | 2,408,759 | 531,832 | 20,644,317 | 128,329,204 | 218,980,794
합 계 | 21,952,161 | 45,911,654 | 13,873,037 | 4,417,216 | 2,588,014 | 647,659 | 23,758,065 | 128,342,183 | 241,489,989