# KB국민카드 — 사업보고서 (2025.12) · 별도 감사보고서 · 위험관리 주석: 4. 금융위험의 관리 가. 위험관리정책

## 후보 1 (위치 위험관리 주석, 점수 4, 단위 백만원) ◀ 선택
[앞 문맥] … - - 6,548 0.02 (36) 6,512 합계 15,277,207 1,198,089 6,850,022 184,109 61,714 968,162 2,888,687 192,090 27,620,080 100.00 (941,107) 26,678,973 2) 당기말 및 전기말 현재 상각후원가 측정 대출채권의 주요 산업별 분류는 다음과 같습니다(단위:백만원).
구분 | 신용카드자산 | 신용카드자산 | 신용카드자산 | 신용카드자산 | 팩토링채권 | 일반대출 | 할부금융자산 | 리스채권 | 합계 | 비율(%) | 대손충당금 | 장부금액
구분 | 카드대급금 | 단기카드대출(현금서비스) | 장기카드대출(카드론) | 기타 | 팩토링채권 | 일반대출 | 할부금융자산 | 리스채권 | 합계 | 비율(%) | 대손충당금 | 장부금액
금융업 | 165,064 | - | - | 160,496 | - | 1,273 | 155,159 | - | 481,992 | 1.74 | (5,997) | 475,995
서비스업 | 546,400 | 3 | - | 886 | - | 137,175 | 733,445 | 60,722 | 1,478,631 | 5.33 | (16,761) | 1,461,870
제조업 | 183,173 | 1 | - | 1,473 | - | 21,435 | 11,044 | 2,225 | 219,351 | 0.79 | (5,763) | 213,588
공공 | 12,814 | - | - | 13 | - | 349 | 428 | - | 13,604 | 0.05 | (211) | 13,393
건설업 | 87,288 | - | - | 602 | - | 12,949 | 10,937 | - | 111,776 | 0.40 | (3,490) | 108,286
도소매업 | 297,688 | 3 | - | 1,872 | - | 87,128 | 7,033 | 147 | 393,871 | 1.42 | (10,021) | 383,850
기타 | 155,704 | - | - | 3,455 | 77,040 | 21,324 | 5,284 | 18,777 | 281,584 | 1.02 | (5,458) | 276,126
가계 | 14,353,628 | 874,092 | 6,336,026 | - | 3,563 | 554,496 | 2,624,453 | 41 | 24,746,299 | 89.25 | (733,411) | 24,012,888
합계 | 15,801,759 | 874,099 | 6,336,026 | 168,797 | 80,603 | 836,129 | 3,547,783 | 81,912 | 27,727,108 | 100.00 | (781,112) | 26,945,996

## 후보 2 (위치 위험관리 주석, 점수 0, 단위 ?)
[앞 문맥] …746,299 89.25 (733,411) 24,012,888 합계 15,801,759 874,099 6,336,026 168,797 80,603 836,129 3,547,783 81,912 27,727,108 100.00 (781,112) 26,945,996
구분 | 신용카드자산 | 신용카드자산 | 신용카드자산 | 신용카드자산 | 팩토링채권 | 일반대출 | 할부금융자산 | 리스채권 | 합계 | 비율(%) | 대손충당금 | 장부금액
구분 | 카드대급금 | 단기카드대출(현금서비스) | 장기카드대출(카드론) | 기타 | 팩토링채권 | 일반대출 | 할부금융자산 | 리스채권 | 합계 | 비율(%) | 대손충당금 | 장부금액
금융업 | 143,804 | - | - | 174,969 | - | 1,210 | 172,187 | - | 492,170 | 1.79 | (5,728) | 486,442
서비스업 | 476,991 | 10 | - | 1,542 | - | 143,704 | 597,824 | 167,479 | 1,387,550 | 5.02 | (17,292) | 1,370,258
제조업 | 184,152 | 3 | - | 3,839 | - | 18,645 | 8,566 | 903 | 216,108 | 0.78 | (6,738) | 209,370
공공 | 13,433 | - | - | 20 | - | 247 | 365 | - | 14,065 | 0.05 | (205) | 13,860
건설업 | 86,562 | 1 | - | 1,089 | - | 11,449 | 9,838 | - | 108,939 | 0.39 | (3,366) | 105,573
도소매업 | 260,067 | 5 | - | 2,235 | - | 93,411 | 6,360 | 579 | 362,657 | 1.31 | (10,665) | 351,992
기타 | 155,504 | 2 | - | 415 | 61,707 | 26,290 | 3,262 | 22,996 | 270,176 | 0.98 | (5,868) | 264,308
가계 | 13,956,694 | 1,198,068 | 6,850,022 | - | 7 | 673,206 | 2,090,285 | 133 | 24,768,415 | 89.68 | (891,245) | 23,877,170
합계 | 15,277,207 | 1,198,089 | 6,850,022 | 184,109 | 61,714 | 968,162 | 2,888,687 | 192,090 | 27,620,080 | 100.00 | (941,107) | 26,678,973